0.0,0.0
0.000444444444444,0.0
0.000444444444444,0.001
0.000555555555556,0.001
0.000666666666667,0.001
0.000777777777778,0.001
0.000888888888889,0.001
0.001,0.001
0.00111111111111,0.001
0.00122222222222,0.001
0.00133333333333,0.001
0.00144444444444,0.001
0.00144444444444,0.002
0.00155555555556,0.002
0.00155555555556,0.003
0.00166666666667,0.003
0.00177777777778,0.003
0.00188888888889,0.003
0.00188888888889,0.004
0.002,0.004
0.00211111111111,0.004
0.00222222222222,0.004
0.00233333333333,0.004
0.00244444444444,0.004
0.00255555555556,0.004
0.00255555555556,0.005
0.00255555555556,0.006
0.00255555555556,0.007
0.00266666666667,0.007
0.00277777777778,0.007
0.00277777777778,0.008
0.00288888888889,0.008
0.003,0.008
0.003,0.009
0.003,0.01
0.00311111111111,0.01
0.00322222222222,0.01
0.00333333333333,0.01
0.00333333333333,0.011
0.00344444444444,0.011
0.00355555555556,0.011
0.00366666666667,0.011
0.00366666666667,0.012
0.00377777777778,0.012
0.00388888888889,0.012
0.004,0.012
0.00411111111111,0.012
0.00411111111111,0.013
0.00422222222222,0.013
0.00433333333333,0.013
0.00433333333333,0.014
0.00444444444444,0.014
0.00444444444444,0.015
0.00455555555556,0.015
0.00466666666667,0.015
0.00488888888889,0.015
0.005,0.015
0.00511111111111,0.015
0.00522222222222,0.015
0.00533333333333,0.015
0.00533333333333,0.016
0.00533333333333,0.017
0.00544444444444,0.017
0.00555555555556,0.017
0.00566666666667,0.017
0.00577777777778,0.017
0.00577777777778,0.018
0.00588888888889,0.018
0.00588888888889,0.019
0.00588888888889,0.02
0.00588888888889,0.021
0.00588888888889,0.022
0.00588888888889,0.023
0.006,0.023
0.006,0.024
0.00611111111111,0.024
0.00611111111111,0.025
0.00622222222222,0.025
0.00633333333333,0.025
0.00633333333333,0.026
0.00633333333333,0.027
0.00633333333333,0.028
0.00644444444444,0.028
0.00655555555556,0.028
0.00666666666667,0.028
0.00666666666667,0.029
0.00666666666667,0.03
0.00677777777778,0.03
0.00688888888889,0.03
0.00688888888889,0.031
0.007,0.031
0.007,0.032
0.00711111111111,0.032
0.00722222222222,0.032
0.00733333333333,0.032
0.00744444444444,0.032
0.00744444444444,0.033
0.00744444444444,0.034
0.00755555555556,0.034
0.00766666666667,0.034
0.00766666666667,0.035
0.00766666666667,0.036
0.00766666666667,0.037
0.00766666666667,0.038
0.00766666666667,0.039
0.00777777777778,0.039
0.00777777777778,0.04
0.00788888888889,0.04
0.008,0.04
0.00811111111111,0.04
0.00822222222222,0.04
0.00833333333333,0.04
0.00844444444444,0.04
0.00855555555556,0.04
0.00855555555556,0.041
0.00866666666667,0.041
0.00877777777778,0.041
0.00877777777778,0.042
0.00888888888889,0.042
0.00888888888889,0.043
0.00888888888889,0.044
0.00888888888889,0.045
0.00888888888889,0.046
0.009,0.046
0.00911111111111,0.046
0.00911111111111,0.047
0.00922222222222,0.047
0.00933333333333,0.047
0.00933333333333,0.048
0.00933333333333,0.049
0.00933333333333,0.05
0.00944444444444,0.05
0.00944444444444,0.051
0.00944444444444,0.052
0.00955555555556,0.052
0.00966666666667,0.052
0.00977777777778,0.052
0.00977777777778,0.053
0.00988888888889,0.053
0.01,0.053
0.01,0.054
0.0101111111111,0.054
0.0102222222222,0.054
0.0103333333333,0.054
0.0103333333333,0.055
0.0104444444444,0.055
0.0105555555556,0.055
0.0106666666667,0.055
0.0107777777778,0.055
0.0108888888889,0.055
0.011,0.055
0.011,0.056
0.011,0.057
0.0111111111111,0.057
0.0112222222222,0.057
0.0113333333333,0.057
0.0114444444444,0.057
0.0114444444444,0.058
0.0115555555556,0.058
0.0116666666667,0.058
0.0116666666667,0.059
0.0117777777778,0.059
0.0118888888889,0.059
0.012,0.059
0.012,0.06
0.0121111111111,0.06
0.0122222222222,0.06
0.0123333333333,0.06
0.0124444444444,0.06
0.0125555555556,0.06
0.0126666666667,0.06
0.0127777777778,0.06
0.0128888888889,0.06
0.013,0.06
0.013,0.061
0.013,0.062
0.0131111111111,0.062
0.0131111111111,0.063
0.0132222222222,0.063
0.0132222222222,0.064
0.0132222222222,0.065
0.0133333333333,0.065
0.0135555555556,0.065
0.0136666666667,0.065
0.0137777777778,0.065
0.0138888888889,0.065
0.014,0.065
0.0141111111111,0.065
0.0142222222222,0.065
0.0142222222222,0.066
0.0143333333333,0.066
0.0144444444444,0.066
0.0145555555556,0.066
0.0146666666667,0.066
0.0147777777778,0.066
0.0147777777778,0.067
0.0147777777778,0.068
0.0148888888889,0.068
0.015,0.068
0.0151111111111,0.068
0.0152222222222,0.068
0.0153333333333,0.068
0.0154444444444,0.068
0.0155555555556,0.068
0.0156666666667,0.068
0.0157777777778,0.068
0.0158888888889,0.068
0.016,0.068
0.0161111111111,0.068
0.0162222222222,0.068
0.0163333333333,0.068
0.0163333333333,0.069
0.0164444444444,0.069
0.0165555555556,0.069
0.0165555555556,0.07
0.0165555555556,0.071
0.0166666666667,0.071
0.0167777777778,0.071
0.0167777777778,0.072
0.0168888888889,0.072
0.017,0.072
0.017,0.073
0.0171111111111,0.073
0.0172222222222,0.073
0.0173333333333,0.073
0.0174444444444,0.073
0.0175555555556,0.073
0.0176666666667,0.073
0.0177777777778,0.073
0.0178888888889,0.073
0.018,0.073
0.0181111111111,0.073
0.0182222222222,0.073
0.0183333333333,0.073
0.0184444444444,0.073
0.0185555555556,0.073
0.0186666666667,0.073
0.0187777777778,0.073
0.0188888888889,0.073
0.019,0.073
0.0191111111111,0.073
0.0192222222222,0.073
0.0193333333333,0.073
0.0194444444444,0.073
0.0195555555556,0.073
0.0195555555556,0.074
0.0195555555556,0.075
0.0196666666667,0.075
0.0197777777778,0.075
0.0198888888889,0.075
0.0198888888889,0.076
0.0198888888889,0.077
0.02,0.077
0.0201111111111,0.077
0.0201111111111,0.078
0.0202222222222,0.078
0.0203333333333,0.078
0.0204444444444,0.078
0.0205555555556,0.078
0.0206666666667,0.078
0.0207777777778,0.078
0.0208888888889,0.078
0.0208888888889,0.079
0.021,0.079
0.0211111111111,0.079
0.0212222222222,0.079
0.0213333333333,0.079
0.0214444444444,0.079
0.0215555555556,0.079
0.0216666666667,0.079
0.0216666666667,0.08
0.0217777777778,0.08
0.0218888888889,0.08
0.022,0.08
0.0221111111111,0.08
0.0222222222222,0.08
0.0223333333333,0.08
0.0224444444444,0.08
0.0224444444444,0.081
0.0225555555556,0.081
0.0226666666667,0.081
0.0227777777778,0.081
0.0228888888889,0.081
0.023,0.081
0.0231111111111,0.081
0.0232222222222,0.081
0.0232222222222,0.082
0.0233333333333,0.082
0.0234444444444,0.082
0.0235555555556,0.082
0.0236666666667,0.082
0.0237777777778,0.082
0.0238888888889,0.082
0.024,0.082
0.0241111111111,0.082
0.0242222222222,0.082
0.0243333333333,0.082
0.0244444444444,0.082
0.0245555555556,0.082
0.0246666666667,0.082
0.0247777777778,0.082
0.0248888888889,0.082
0.025,0.082
0.025,0.083
0.0251111111111,0.083
0.0252222222222,0.083
0.0253333333333,0.083
0.0254444444444,0.083
0.0255555555556,0.083
0.0256666666667,0.083
0.0257777777778,0.083
0.0258888888889,0.083
0.026,0.083
0.0261111111111,0.083
0.0262222222222,0.083
0.0263333333333,0.083
0.0264444444444,0.083
0.0264444444444,0.084
0.0265555555556,0.084
0.0266666666667,0.084
0.0267777777778,0.084
0.0268888888889,0.084
0.0268888888889,0.085
0.027,0.085
0.0271111111111,0.085
0.0271111111111,0.086
0.0271111111111,0.087
0.0271111111111,0.088
0.0272222222222,0.088
0.0273333333333,0.088
0.0274444444444,0.088
0.0275555555556,0.088
0.0276666666667,0.088
0.0277777777778,0.088
0.0278888888889,0.088
0.028,0.088
0.0281111111111,0.088
0.0282222222222,0.088
0.0283333333333,0.088
0.0284444444444,0.088
0.0285555555556,0.088
0.0286666666667,0.088
0.0287777777778,0.088
0.0288888888889,0.088
0.029,0.088
0.0291111111111,0.088
0.0292222222222,0.088
0.0293333333333,0.088
0.0294444444444,0.088
0.0295555555556,0.088
0.0296666666667,0.088
0.0297777777778,0.088
0.0298888888889,0.088
0.03,0.088
0.0301111111111,0.088
0.0302222222222,0.088
0.0303333333333,0.088
0.0304444444444,0.088
0.0305555555556,0.088
0.0306666666667,0.088
0.0307777777778,0.088
0.0308888888889,0.088
0.031,0.088
0.0311111111111,0.088
0.0312222222222,0.088
0.0312222222222,0.089
0.0313333333333,0.089
0.0314444444444,0.089
0.0314444444444,0.09
0.0315555555556,0.09
0.0316666666667,0.09
0.0316666666667,0.091
0.0317777777778,0.091
0.0318888888889,0.091
0.032,0.091
0.0321111111111,0.091
0.0322222222222,0.091
0.0323333333333,0.091
0.0324444444444,0.091
0.0324444444444,0.092
0.0325555555556,0.092
0.0325555555556,0.093
0.0325555555556,0.094
0.0325555555556,0.095
0.0326666666667,0.095
0.0327777777778,0.095
0.0328888888889,0.095
0.033,0.095
0.0331111111111,0.095
0.0332222222222,0.095
0.0333333333333,0.095
0.0334444444444,0.095
0.0335555555556,0.095
0.0336666666667,0.095
0.0337777777778,0.095
0.0338888888889,0.095
0.034,0.095
0.0341111111111,0.095
0.0342222222222,0.095
0.0343333333333,0.095
0.0344444444444,0.095
0.0345555555556,0.095
0.0346666666667,0.095
0.0347777777778,0.095
0.0348888888889,0.095
0.0348888888889,0.096
0.035,0.096
0.0351111111111,0.096
0.0352222222222,0.096
0.0353333333333,0.096
0.0354444444444,0.096
0.0355555555556,0.096
0.0356666666667,0.096
0.0357777777778,0.096
0.0358888888889,0.096
0.036,0.096
0.0361111111111,0.096
0.0362222222222,0.096
0.0363333333333,0.096
0.0364444444444,0.096
0.0365555555556,0.096
0.0366666666667,0.096
0.0366666666667,0.097
0.0367777777778,0.097
0.0368888888889,0.097
0.037,0.097
0.0371111111111,0.097
0.0372222222222,0.097
0.0373333333333,0.097
0.0374444444444,0.097
0.0374444444444,0.098
0.0375555555556,0.098
0.0376666666667,0.098
0.0376666666667,0.099
0.0377777777778,0.099
0.0378888888889,0.099
0.0378888888889,0.1
0.038,0.1
0.0381111111111,0.1
0.0382222222222,0.1
0.0383333333333,0.1
0.0384444444444,0.1
0.0385555555556,0.1
0.0386666666667,0.1
0.0387777777778,0.1
0.0388888888889,0.1
0.039,0.1
0.0391111111111,0.1
0.0392222222222,0.1
0.0393333333333,0.1
0.0394444444444,0.1
0.0395555555556,0.1
0.0396666666667,0.1
0.0397777777778,0.1
0.0398888888889,0.1
0.04,0.1
0.0401111111111,0.1
0.0402222222222,0.1
0.0403333333333,0.1
0.0404444444444,0.1
0.0405555555556,0.1
0.0406666666667,0.1
0.0407777777778,0.1
0.0408888888889,0.1
0.041,0.1
0.0411111111111,0.1
0.0412222222222,0.1
0.0413333333333,0.1
0.0414444444444,0.1
0.0415555555556,0.1
0.0416666666667,0.1
0.0417777777778,0.1
0.0418888888889,0.1
0.042,0.1
0.0421111111111,0.1
0.0422222222222,0.1
0.0423333333333,0.1
0.0424444444444,0.1
0.0425555555556,0.1
0.0426666666667,0.1
0.0427777777778,0.1
0.0428888888889,0.1
0.043,0.1
0.0431111111111,0.1
0.0433333333333,0.1
0.0434444444444,0.1
0.0434444444444,0.101
0.0435555555556,0.101
0.0435555555556,0.102
0.0436666666667,0.102
0.0437777777778,0.102
0.0438888888889,0.102
0.044,0.102
0.0441111111111,0.102
0.0442222222222,0.102
0.0443333333333,0.102
0.0444444444444,0.102
0.0445555555556,0.102
0.0446666666667,0.102
0.0447777777778,0.102
0.0448888888889,0.102
0.045,0.102
0.0451111111111,0.102
0.0452222222222,0.102
0.0453333333333,0.102
0.0454444444444,0.102
0.0455555555556,0.102
0.0456666666667,0.102
0.0457777777778,0.102
0.0458888888889,0.102
0.046,0.102
0.0461111111111,0.102
0.0462222222222,0.102
0.0463333333333,0.102
0.0464444444444,0.102
0.0464444444444,0.103
0.0464444444444,0.104
0.0465555555556,0.104
0.0466666666667,0.104
0.0467777777778,0.104
0.0468888888889,0.104
0.047,0.104
0.0471111111111,0.104
0.0472222222222,0.104
0.0473333333333,0.104
0.0474444444444,0.104
0.0475555555556,0.104
0.0476666666667,0.104
0.0477777777778,0.104
0.0477777777778,0.105
0.0478888888889,0.105
0.048,0.105
0.0481111111111,0.105
0.0482222222222,0.105
0.0483333333333,0.105
0.0484444444444,0.105
0.0485555555556,0.105
0.0486666666667,0.105
0.0487777777778,0.105
0.0488888888889,0.105
0.049,0.105
0.0491111111111,0.105
0.0492222222222,0.105
0.0493333333333,0.105
0.0494444444444,0.105
0.0495555555556,0.105
0.0496666666667,0.105
0.0497777777778,0.105
0.0498888888889,0.105
0.05,0.105
0.0501111111111,0.105
0.0502222222222,0.105
0.0503333333333,0.105
0.0504444444444,0.105
0.0505555555556,0.105
0.0506666666667,0.105
0.0506666666667,0.106
0.0507777777778,0.106
0.0508888888889,0.106
0.051,0.106
0.0511111111111,0.106
0.0512222222222,0.106
0.0513333333333,0.106
0.0514444444444,0.106
0.0515555555556,0.106
0.0516666666667,0.106
0.0517777777778,0.106
0.0518888888889,0.106
0.0518888888889,0.107
0.052,0.107
0.0521111111111,0.107
0.0522222222222,0.107
0.0522222222222,0.108
0.0523333333333,0.108
0.0523333333333,0.109
0.0523333333333,0.11
0.0524444444444,0.11
0.0525555555556,0.11
0.0526666666667,0.11
0.0526666666667,0.111
0.0527777777778,0.111
0.0528888888889,0.111
0.053,0.111
0.0531111111111,0.111
0.0532222222222,0.111
0.0533333333333,0.111
0.0534444444444,0.111
0.0535555555556,0.111
0.0536666666667,0.111
0.0537777777778,0.111
0.0538888888889,0.111
0.054,0.111
0.0541111111111,0.111
0.0542222222222,0.111
0.0543333333333,0.111
0.0544444444444,0.112
0.0545555555556,0.112
0.0546666666667,0.112
0.0546666666667,0.113
0.0546666666667,0.116
0.0546666666667,0.117
0.0547777777778,0.117
0.0548888888889,0.117
0.055,0.117
0.055,0.118
0.0551111111111,0.118
0.0552222222222,0.118
0.0553333333333,0.118
0.0554444444444,0.118
0.0555555555556,0.118
0.0556666666667,0.118
0.0557777777778,0.118
0.0558888888889,0.118
0.056,0.118
0.0561111111111,0.118
0.0562222222222,0.118
0.0563333333333,0.118
0.0564444444444,0.118
0.0565555555556,0.118
0.0566666666667,0.118
0.0567777777778,0.118
0.0568888888889,0.118
0.0568888888889,0.119
0.057,0.119
0.0571111111111,0.119
0.0572222222222,0.119
0.0573333333333,0.119
0.0574444444444,0.119
0.0575555555556,0.119
0.0576666666667,0.119
0.0577777777778,0.119
0.0577777777778,0.12
0.0578888888889,0.12
0.058,0.12
0.0581111111111,0.12
0.0582222222222,0.12
0.0583333333333,0.12
0.0584444444444,0.12
0.0585555555556,0.12
0.0586666666667,0.12
0.059,0.12
0.0591111111111,0.12
0.0592222222222,0.12
0.0593333333333,0.12
0.0594444444444,0.121
0.0595555555556,0.121
0.0596666666667,0.121
0.0597777777778,0.121
0.0598888888889,0.121
0.06,0.121
0.0601111111111,0.121
0.0602222222222,0.121
0.0603333333333,0.121
0.0604444444444,0.121
0.0605555555556,0.121
0.0606666666667,0.121
0.0607777777778,0.121
0.0608888888889,0.121
0.061,0.121
0.0611111111111,0.121
0.0612222222222,0.121
0.0613333333333,0.121
0.0614444444444,0.121
0.0614444444444,0.122
0.0615555555556,0.122
0.0616666666667,0.122
0.0616666666667,0.123
0.0616666666667,0.124
0.0617777777778,0.124
0.0618888888889,0.124
0.062,0.124
0.0621111111111,0.124
0.0622222222222,0.124
0.0623333333333,0.124
0.0624444444444,0.124
0.0625555555556,0.124
0.0626666666667,0.124
0.0626666666667,0.125
0.0627777777778,0.125
0.0628888888889,0.125
0.063,0.125
0.0631111111111,0.125
0.0632222222222,0.125
0.0633333333333,0.125
0.0634444444444,0.125
0.0635555555556,0.125
0.0636666666667,0.125
0.0637777777778,0.125
0.0638888888889,0.125
0.064,0.125
0.0641111111111,0.125
0.0642222222222,0.125
0.0643333333333,0.125
0.0644444444444,0.125
0.0645555555556,0.125
0.0646666666667,0.125
0.0647777777778,0.125
0.0648888888889,0.125
0.065,0.125
0.0651111111111,0.125
0.0652222222222,0.125
0.0653333333333,0.125
0.0654444444444,0.125
0.0655555555556,0.125
0.0656666666667,0.125
0.0657777777778,0.125
0.0658888888889,0.125
0.0658888888889,0.126
0.066,0.126
0.0661111111111,0.126
0.0662222222222,0.126
0.0663333333333,0.126
0.0664444444444,0.126
0.0665555555556,0.126
0.0666666666667,0.126
0.0667777777778,0.126
0.0668888888889,0.126
0.0668888888889,0.127
0.067,0.127
0.0671111111111,0.127
0.0672222222222,0.127
0.0673333333333,0.127
0.0674444444444,0.127
0.0675555555556,0.127
0.0676666666667,0.127
0.0677777777778,0.127
0.0678888888889,0.127
0.068,0.127
0.0681111111111,0.127
0.0682222222222,0.127
0.0683333333333,0.127
0.0684444444444,0.127
0.0684444444444,0.128
0.0685555555556,0.128
0.0686666666667,0.128
0.0687777777778,0.128
0.0688888888889,0.128
0.0688888888889,0.129
0.069,0.129
0.0691111111111,0.129
0.0692222222222,0.129
0.0692222222222,0.13
0.0693333333333,0.13
0.0694444444444,0.13
0.0695555555556,0.13
0.0696666666667,0.13
0.0697777777778,0.13
0.0698888888889,0.13
0.07,0.13
0.0701111111111,0.13
0.0702222222222,0.13
0.0703333333333,0.13
0.0704444444444,0.13
0.0705555555556,0.13
0.0705555555556,0.131
0.0706666666667,0.131
0.0707777777778,0.131
0.0708888888889,0.131
0.071,0.131
0.0711111111111,0.131
0.0712222222222,0.131
0.0713333333333,0.131
0.0713333333333,0.132
0.0714444444444,0.132
0.0715555555556,0.132
0.0716666666667,0.133
0.0717777777778,0.133
0.072,0.133
0.0721111111111,0.133
0.0721111111111,0.134
0.0722222222222,0.134
0.0723333333333,0.134
0.0724444444444,0.134
0.0725555555556,0.134
0.0727777777778,0.134
0.0728888888889,0.134
0.073,0.134
0.0731111111111,0.134
0.0732222222222,0.134
0.0733333333333,0.134
0.0734444444444,0.134
0.0735555555556,0.134
0.0736666666667,0.134
0.0737777777778,0.134
0.0738888888889,0.134
0.074,0.134
0.0741111111111,0.134
0.0742222222222,0.134
0.0742222222222,0.135
0.0743333333333,0.135
0.0743333333333,0.136
0.0744444444444,0.136
0.0745555555556,0.136
0.0746666666667,0.136
0.0747777777778,0.136
0.0748888888889,0.136
0.075,0.136
0.0751111111111,0.136
0.0752222222222,0.136
0.0753333333333,0.136
0.0754444444444,0.136
0.0755555555556,0.136
0.0756666666667,0.136
0.0756666666667,0.137
0.0757777777778,0.137
0.0758888888889,0.137
0.0761111111111,0.137
0.0762222222222,0.137
0.0764444444444,0.137
0.0765555555556,0.137
0.0766666666667,0.137
0.0767777777778,0.137
0.0768888888889,0.137
0.077,0.137
0.0771111111111,0.137
0.0772222222222,0.137
0.0772222222222,0.138
0.0773333333333,0.138
0.0774444444444,0.138
0.0775555555556,0.138
0.0776666666667,0.138
0.0777777777778,0.138
0.0778888888889,0.138
0.078,0.138
0.0782222222222,0.138
0.0783333333333,0.138
0.0784444444444,0.138
0.0785555555556,0.138
0.0786666666667,0.138
0.0787777777778,0.138
0.0788888888889,0.138
0.079,0.138
0.0791111111111,0.138
0.0792222222222,0.138
0.0793333333333,0.138
0.0794444444444,0.138
0.0794444444444,0.139
0.0795555555556,0.139
0.0795555555556,0.14
0.0796666666667,0.14
0.0797777777778,0.14
0.0798888888889,0.14
0.08,0.14
0.0801111111111,0.14
0.0802222222222,0.14
0.0802222222222,0.141
0.0803333333333,0.141
0.0805555555556,0.141
0.0806666666667,0.141
0.0807777777778,0.141
0.0807777777778,0.142
0.0808888888889,0.142
0.081,0.142
0.0811111111111,0.142
0.0812222222222,0.142
0.0813333333333,0.142
0.0813333333333,0.143
0.0814444444444,0.143
0.0815555555556,0.143
0.0816666666667,0.143
0.0817777777778,0.143
0.0817777777778,0.144
0.0818888888889,0.144
0.082,0.144
0.0821111111111,0.144
0.0822222222222,0.145
0.0822222222222,0.146
0.0822222222222,0.147
0.0823333333333,0.147
0.0824444444444,0.147
0.0825555555556,0.147
0.0826666666667,0.147
0.0827777777778,0.147
0.0828888888889,0.147
0.083,0.147
0.0831111111111,0.147
0.0832222222222,0.147
0.0832222222222,0.148
0.0833333333333,0.148
0.0834444444444,0.148
0.0835555555556,0.148
0.0836666666667,0.148
0.0837777777778,0.148
0.0838888888889,0.148
0.0838888888889,0.149
0.084,0.149
0.0841111111111,0.149
0.0842222222222,0.149
0.0842222222222,0.15
0.0843333333333,0.15
0.0844444444444,0.15
0.0845555555556,0.15
0.0846666666667,0.15
0.0846666666667,0.151
0.0847777777778,0.151
0.0847777777778,0.152
0.0847777777778,0.153
0.0848888888889,0.153
0.0848888888889,0.154
0.085,0.154
0.085,0.155
0.0851111111111,0.155
0.0851111111111,0.156
0.0852222222222,0.156
0.0853333333333,0.156
0.0854444444444,0.156
0.0855555555556,0.156
0.0856666666667,0.156
0.0857777777778,0.156
0.0858888888889,0.156
0.086,0.156
0.0861111111111,0.156
0.0862222222222,0.156
0.0863333333333,0.156
0.0864444444444,0.156
0.0865555555556,0.156
0.0865555555556,0.157
0.0866666666667,0.157
0.0866666666667,0.158
0.0867777777778,0.158
0.0868888888889,0.158
0.087,0.158
0.0871111111111,0.158
0.0872222222222,0.158
0.0873333333333,0.158
0.0874444444444,0.158
0.0874444444444,0.159
0.0875555555556,0.159
0.0875555555556,0.16
0.0876666666667,0.16
0.0877777777778,0.16
0.0878888888889,0.16
0.088,0.16
0.0881111111111,0.16
0.0882222222222,0.16
0.0883333333333,0.16
0.0884444444444,0.16
0.0885555555556,0.16
0.0886666666667,0.16
0.0887777777778,0.16
0.0888888888889,0.16
0.089,0.16
0.0891111111111,0.16
0.0892222222222,0.16
0.0893333333333,0.161
0.0893333333333,0.162
0.0894444444444,0.162
0.0895555555556,0.162
0.0896666666667,0.162
0.0898888888889,0.162
0.09,0.162
0.0901111111111,0.162
0.0902222222222,0.162
0.0902222222222,0.163
0.0903333333333,0.163
0.0904444444444,0.163
0.0905555555556,0.163
0.0906666666667,0.163
0.0908888888889,0.163
0.091,0.163
0.0911111111111,0.163
0.0912222222222,0.163
0.0913333333333,0.163
0.0914444444444,0.163
0.0915555555556,0.163
0.0915555555556,0.164
0.0915555555556,0.165
0.0916666666667,0.165
0.0917777777778,0.165
0.0918888888889,0.165
0.092,0.165
0.0921111111111,0.166
0.0921111111111,0.167
0.0922222222222,0.167
0.0923333333333,0.167
0.0923333333333,0.168
0.0924444444444,0.168
0.0925555555556,0.168
0.0926666666667,0.168
0.0927777777778,0.168
0.0928888888889,0.168
0.0928888888889,0.169
0.093,0.169
0.093,0.17
0.093,0.171
0.0931111111111,0.171
0.0932222222222,0.171
0.0933333333333,0.171
0.0934444444444,0.171
0.0935555555556,0.171
0.0936666666667,0.171
0.0937777777778,0.171
0.0938888888889,0.171
0.094,0.171
0.0941111111111,0.171
0.0942222222222,0.171
0.0943333333333,0.171
0.0943333333333,0.172
0.0944444444444,0.172
0.0945555555556,0.172
0.0946666666667,0.172
0.0947777777778,0.172
0.0947777777778,0.173
0.0948888888889,0.173
0.0948888888889,0.174
0.0952222222222,0.174
0.0953333333333,0.174
0.0954444444444,0.174
0.0955555555556,0.174
0.0956666666667,0.174
0.0956666666667,0.175
0.0957777777778,0.175
0.0958888888889,0.175
0.096,0.175
0.0961111111111,0.175
0.0962222222222,0.175
0.0963333333333,0.175
0.0964444444444,0.175
0.0965555555556,0.175
0.0966666666667,0.175
0.0967777777778,0.175
0.0967777777778,0.176
0.0968888888889,0.176
0.0968888888889,0.177
0.097,0.177
0.097,0.178
0.0971111111111,0.178
0.0972222222222,0.178
0.0973333333333,0.178
0.0974444444444,0.178
0.0975555555556,0.178
0.0976666666667,0.178
0.0977777777778,0.178
0.0978888888889,0.178
0.098,0.178
0.0981111111111,0.178
0.0982222222222,0.178
0.0983333333333,0.178
0.0984444444444,0.178
0.0985555555556,0.178
0.0986666666667,0.178
0.0987777777778,0.178
0.0988888888889,0.178
0.0988888888889,0.179
0.099,0.179
0.099,0.181
0.0991111111111,0.181
0.0993333333333,0.181
0.0994444444444,0.181
0.0995555555556,0.182
0.0995555555556,0.183
0.0996666666667,0.183
0.0997777777778,0.183
0.0998888888889,0.183
0.1,0.183
0.100111111111,0.183
0.100333333333,0.183
0.100444444444,0.183
0.100555555556,0.183
0.100777777778,0.183
0.100888888889,0.183
0.101,0.183
0.101,0.184
0.101111111111,0.184
0.101222222222,0.184
0.101333333333,0.184
0.101333333333,0.185
0.101444444444,0.185
0.101444444444,0.186
0.101555555556,0.186
0.101666666667,0.186
0.101777777778,0.186
0.101888888889,0.186
0.102,0.186
0.102111111111,0.186
0.102222222222,0.186
0.102333333333,0.186
0.102444444444,0.186
0.102555555556,0.186
0.102555555556,0.187
0.102666666667,0.187
0.102777777778,0.187
0.102888888889,0.187
0.103,0.187
0.103111111111,0.187
0.103222222222,0.187
0.103333333333,0.187
0.103444444444,0.187
0.103555555556,0.187
0.103666666667,0.187
0.103777777778,0.187
0.103888888889,0.187
0.104,0.187
0.104111111111,0.187
0.104222222222,0.187
0.104333333333,0.187
0.104333333333,0.188
0.104444444444,0.188
0.104555555556,0.188
0.104666666667,0.188
0.104777777778,0.188
0.104888888889,0.188
0.105,0.188
0.105111111111,0.188
0.105222222222,0.188
0.105333333333,0.188
0.105444444444,0.188
0.105555555556,0.188
0.105666666667,0.188
0.105666666667,0.189
0.105888888889,0.189
0.106,0.189
0.106,0.19
0.106111111111,0.19
0.106222222222,0.19
0.106222222222,0.191
0.106333333333,0.191
0.106444444444,0.191
0.106555555556,0.191
0.106666666667,0.191
0.106777777778,0.191
0.106888888889,0.191
0.106888888889,0.192
0.107,0.192
0.107,0.193
0.107111111111,0.193
0.107222222222,0.193
0.107444444444,0.193
0.107555555556,0.193
0.107666666667,0.193
0.107777777778,0.193
0.107888888889,0.193
0.108,0.193
0.108111111111,0.193
0.108222222222,0.193
0.108333333333,0.193
0.108444444444,0.193
0.108555555556,0.193
0.108666666667,0.193
0.108777777778,0.193
0.108777777778,0.194
0.108888888889,0.194
0.109,0.194
0.109111111111,0.194
0.109222222222,0.194
0.109333333333,0.194
0.109444444444,0.194
0.109555555556,0.194
0.109666666667,0.194
0.109777777778,0.194
0.109888888889,0.194
0.11,0.194
0.110111111111,0.194
0.110222222222,0.194
0.110333333333,0.194
0.110444444444,0.194
0.110555555556,0.194
0.110666666667,0.194
0.110777777778,0.194
0.110888888889,0.194
0.111,0.194
0.111111111111,0.194
0.111111111111,0.195
0.111222222222,0.195
0.111333333333,0.195
0.111444444444,0.195
0.111555555556,0.195
0.111555555556,0.196
0.111666666667,0.196
0.111777777778,0.196
0.111888888889,0.196
0.112,0.196
0.112111111111,0.196
0.112222222222,0.196
0.112333333333,0.196
0.112444444444,0.196
0.112666666667,0.196
0.112777777778,0.196
0.112888888889,0.196
0.113,0.196
0.113,0.197
0.113111111111,0.197
0.113222222222,0.197
0.113333333333,0.197
0.113444444444,0.197
0.113555555556,0.197
0.113666666667,0.197
0.113777777778,0.197
0.113888888889,0.197
0.114,0.197
0.114111111111,0.197
0.114222222222,0.197
0.114333333333,0.197
0.114333333333,0.198
0.114444444444,0.199
0.114555555556,0.199
0.114666666667,0.199
0.114777777778,0.199
0.114888888889,0.199
0.114888888889,0.2
0.115,0.2
0.115111111111,0.2
0.115222222222,0.201
0.115222222222,0.202
0.115333333333,0.202
0.115444444444,0.202
0.115555555556,0.202
0.115666666667,0.202
0.115777777778,0.202
0.115888888889,0.202
0.116,0.202
0.116,0.203
0.116111111111,0.203
0.116222222222,0.203
0.116333333333,0.203
0.116444444444,0.203
0.116555555556,0.203
0.116666666667,0.203
0.116777777778,0.203
0.116888888889,0.203
0.117,0.203
0.117111111111,0.203
0.117111111111,0.204
0.117222222222,0.204
0.117222222222,0.205
0.117444444444,0.205
0.117555555556,0.205
0.117666666667,0.205
0.117777777778,0.205
0.117777777778,0.206
0.117888888889,0.206
0.118,0.206
0.118111111111,0.206
0.118222222222,0.206
0.118333333333,0.206
0.118333333333,0.207
0.118333333333,0.208
0.118444444444,0.208
0.118555555556,0.208
0.118555555556,0.209
0.118666666667,0.209
0.118777777778,0.209
0.119,0.209
0.119222222222,0.209
0.119222222222,0.21
0.119333333333,0.21
0.119444444444,0.21
0.119555555556,0.21
0.119777777778,0.21
0.119888888889,0.21
0.119888888889,0.211
0.12,0.211
0.120111111111,0.211
0.120222222222,0.211
0.120333333333,0.211
0.120444444444,0.211
0.120555555556,0.211
0.120666666667,0.211
0.120888888889,0.212
0.121,0.212
0.121111111111,0.212
0.121222222222,0.212
0.121333333333,0.212
0.121444444444,0.212
0.121555555556,0.212
0.121666666667,0.212
0.121777777778,0.212
0.121888888889,0.213
0.122,0.213
0.122222222222,0.213
0.122333333333,0.213
0.122444444444,0.213
0.122444444444,0.214
0.122555555556,0.214
0.122666666667,0.214
0.122666666667,0.215
0.122777777778,0.215
0.122777777778,0.216
0.122777777778,0.217
0.122888888889,0.217
0.123,0.217
0.123111111111,0.217
0.123222222222,0.217
0.123333333333,0.217
0.123444444444,0.217
0.123555555556,0.217
0.123666666667,0.217
0.123777777778,0.217
0.123888888889,0.217
0.124,0.217
0.124111111111,0.217
0.124222222222,0.217
0.124333333333,0.217
0.124444444444,0.217
0.124555555556,0.217
0.124777777778,0.217
0.124888888889,0.217
0.125,0.217
0.125333333333,0.217
0.125444444444,0.217
0.125555555556,0.217
0.125666666667,0.217
0.125777777778,0.217
0.125888888889,0.217
0.126,0.217
0.126111111111,0.217
0.126111111111,0.218
0.126222222222,0.218
0.126333333333,0.218
0.126444444444,0.218
0.126555555556,0.218
0.126666666667,0.218
0.126777777778,0.218
0.126888888889,0.218
0.127,0.218
0.127222222222,0.218
0.127333333333,0.218
0.127444444444,0.218
0.127555555556,0.218
0.127666666667,0.218
0.127777777778,0.218
0.127888888889,0.218
0.127888888889,0.219
0.128,0.219
0.128111111111,0.219
0.128222222222,0.219
0.128222222222,0.22
0.128333333333,0.22
0.128444444444,0.22
0.128555555556,0.22
0.128666666667,0.22
0.128777777778,0.22
0.129,0.22
0.129111111111,0.22
0.129222222222,0.22
0.129333333333,0.22
0.129444444444,0.22
0.129555555556,0.22
0.129666666667,0.22
0.129666666667,0.221
0.129777777778,0.221
0.129888888889,0.221
0.13,0.221
0.13,0.222
0.130111111111,0.222
0.130222222222,0.222
0.130333333333,0.222
0.130444444444,0.222
0.130555555556,0.222
0.130666666667,0.222
0.130777777778,0.222
0.130888888889,0.222
0.131,0.222
0.131111111111,0.222
0.131222222222,0.222
0.131333333333,0.222
0.131444444444,0.222
0.131555555556,0.222
0.131666666667,0.222
0.131777777778,0.222
0.131888888889,0.222
0.132,0.222
0.132222222222,0.222
0.132333333333,0.222
0.132444444444,0.222
0.132555555556,0.222
0.132666666667,0.222
0.132777777778,0.222
0.132888888889,0.222
0.133,0.222
0.133111111111,0.222
0.133222222222,0.222
0.133222222222,0.223
0.133333333333,0.223
0.133444444444,0.223
0.133555555556,0.223
0.133666666667,0.223
0.133777777778,0.223
0.133888888889,0.223
0.134,0.223
0.134111111111,0.223
0.134222222222,0.223
0.134333333333,0.223
0.134444444444,0.223
0.134555555556,0.223
0.134666666667,0.223
0.134777777778,0.223
0.134888888889,0.223
0.134888888889,0.224
0.135,0.224
0.135111111111,0.224
0.135222222222,0.224
0.135333333333,0.224
0.135444444444,0.224
0.135555555556,0.224
0.135666666667,0.224
0.135777777778,0.224
0.135777777778,0.225
0.135888888889,0.225
0.136111111111,0.226
0.136111111111,0.227
0.136222222222,0.227
0.136333333333,0.227
0.136444444444,0.227
0.136555555556,0.227
0.136666666667,0.227
0.136777777778,0.227
0.136888888889,0.227
0.137,0.227
0.137111111111,0.227
0.137222222222,0.227
0.137333333333,0.227
0.137333333333,0.228
0.137444444444,0.228
0.137444444444,0.229
0.137555555556,0.229
0.137666666667,0.229
0.137777777778,0.229
0.137888888889,0.229
0.138222222222,0.229
0.138333333333,0.229
0.138444444444,0.229
0.138555555556,0.229
0.138555555556,0.23
0.138777777778,0.23
0.138888888889,0.23
0.139,0.23
0.139111111111,0.23
0.139222222222,0.23
0.139222222222,0.231
0.139333333333,0.231
0.139444444444,0.231
0.139555555556,0.231
0.139666666667,0.231
0.139777777778,0.231
0.139777777778,0.232
0.139888888889,0.232
0.14,0.232
0.140111111111,0.232
0.140222222222,0.232
0.140333333333,0.232
0.140444444444,0.232
0.140444444444,0.233
0.140555555556,0.234
0.140666666667,0.234
0.140777777778,0.234
0.140888888889,0.234
0.141,0.234
0.141111111111,0.234
0.141222222222,0.234
0.141333333333,0.234
0.141444444444,0.234
0.141555555556,0.234
0.141666666667,0.234
0.141777777778,0.234
0.141888888889,0.234
0.142,0.234
0.142111111111,0.234
0.142222222222,0.234
0.142333333333,0.234
0.142444444444,0.234
0.142555555556,0.234
0.142666666667,0.234
0.142777777778,0.234
0.142888888889,0.234
0.143,0.234
0.143111111111,0.234
0.143333333333,0.234
0.143444444444,0.234
0.143555555556,0.234
0.143666666667,0.234
0.143777777778,0.234
0.143888888889,0.234
0.144,0.234
0.144222222222,0.234
0.144333333333,0.234
0.144444444444,0.234
0.144555555556,0.234
0.144666666667,0.234
0.144777777778,0.234
0.144888888889,0.234
0.145,0.234
0.145111111111,0.234
0.145222222222,0.234
0.145333333333,0.234
0.145444444444,0.234
0.145555555556,0.234
0.145666666667,0.234
0.145777777778,0.234
0.145888888889,0.234
0.146111111111,0.234
0.146333333333,0.234
0.146444444444,0.234
0.146555555556,0.234
0.146666666667,0.234
0.146777777778,0.234
0.146888888889,0.234
0.147,0.234
0.147111111111,0.234
0.147222222222,0.234
0.147333333333,0.234
0.147333333333,0.235
0.147444444444,0.235
0.147777777778,0.235
0.147777777778,0.236
0.147888888889,0.236
0.148,0.236
0.148222222222,0.236
0.148333333333,0.236
0.148444444444,0.236
0.148555555556,0.236
0.148666666667,0.236
0.148777777778,0.236
0.148888888889,0.236
0.149,0.236
0.149111111111,0.236
0.149222222222,0.236
0.149333333333,0.236
0.149444444444,0.236
0.149666666667,0.236
0.149888888889,0.236
0.150111111111,0.236
0.150222222222,0.236
0.150333333333,0.236
0.150444444444,0.236
0.150555555556,0.236
0.150666666667,0.236
0.150777777778,0.236
0.150888888889,0.236
0.151,0.237
0.151111111111,0.237
0.151333333333,0.237
0.151444444444,0.237
0.151555555556,0.237
0.151666666667,0.237
0.151777777778,0.237
0.151888888889,0.237
0.152,0.237
0.152111111111,0.237
0.152222222222,0.237
0.152333333333,0.237
0.152444444444,0.237
0.152555555556,0.237
0.152666666667,0.237
0.152777777778,0.237
0.152888888889,0.237
0.153,0.237
0.153111111111,0.237
0.153222222222,0.238
0.153333333333,0.238
0.153444444444,0.238
0.153555555556,0.238
0.153555555556,0.239
0.153666666667,0.239
0.153777777778,0.239
0.153888888889,0.239
0.154222222222,0.239
0.154333333333,0.239
0.154444444444,0.239
0.154555555556,0.239
0.154666666667,0.239
0.154777777778,0.239
0.154888888889,0.239
0.155,0.239
0.155111111111,0.239
0.155111111111,0.24
0.155222222222,0.24
0.155333333333,0.24
0.155333333333,0.241
0.155444444444,0.241
0.155555555556,0.241
0.155666666667,0.241
0.155777777778,0.241
0.155888888889,0.242
0.156,0.242
0.156111111111,0.242
0.156222222222,0.242
0.156333333333,0.242
0.156444444444,0.242
0.156444444444,0.243
0.156555555556,0.243
0.156666666667,0.243
0.156777777778,0.243
0.156888888889,0.243
0.157,0.243
0.157111111111,0.243
0.157111111111,0.244
0.157222222222,0.244
0.157333333333,0.244
0.157333333333,0.245
0.157555555556,0.245
0.157555555556,0.246
0.157555555556,0.247
0.157666666667,0.247
0.157777777778,0.247
0.157888888889,0.247
0.158,0.249
0.158111111111,0.249
0.158222222222,0.249
0.158444444444,0.249
0.158555555556,0.249
0.158555555556,0.25
0.158666666667,0.251
0.158777777778,0.251
0.158888888889,0.251
0.159111111111,0.251
0.159222222222,0.251
0.159333333333,0.251
0.159444444444,0.251
0.159555555556,0.251
0.159666666667,0.251
0.159777777778,0.251
0.159888888889,0.251
0.16,0.251
0.160111111111,0.251
0.160111111111,0.252
0.160222222222,0.252
0.160333333333,0.252
0.160444444444,0.252
0.160555555556,0.252
0.160666666667,0.252
0.160666666667,0.253
0.160777777778,0.253
0.160888888889,0.253
0.161,0.253
0.161111111111,0.253
0.161222222222,0.253
0.161333333333,0.253
0.161444444444,0.253
0.161555555556,0.253
0.161555555556,0.254
0.161666666667,0.254
0.161888888889,0.254
0.162222222222,0.254
0.162333333333,0.254
0.162444444444,0.254
0.162555555556,0.254
0.162888888889,0.254
0.163111111111,0.254
0.163222222222,0.254
0.163333333333,0.254
0.163444444444,0.254
0.163555555556,0.254
0.163666666667,0.254
0.163777777778,0.254
0.164111111111,0.255
0.164222222222,0.255
0.164333333333,0.255
0.164444444444,0.255
0.164555555556,0.255
0.164666666667,0.255
0.164777777778,0.255
0.164888888889,0.255
0.165111111111,0.255
0.165222222222,0.256
0.165333333333,0.256
0.165444444444,0.256
0.165555555556,0.256
0.165666666667,0.256
0.165777777778,0.256
0.165888888889,0.256
0.166,0.256
0.166111111111,0.256
0.166222222222,0.256
0.166333333333,0.256
0.166444444444,0.256
0.166444444444,0.257
0.166555555556,0.257
0.166666666667,0.257
0.166777777778,0.257
0.166777777778,0.258
0.166888888889,0.258
0.167,0.26
0.167111111111,0.26
0.167222222222,0.26
0.167333333333,0.26
0.167666666667,0.26
0.167777777778,0.26
0.167888888889,0.26
0.168222222222,0.26
0.168333333333,0.26
0.168444444444,0.26
0.168777777778,0.26
0.168888888889,0.26
0.169,0.26
0.169111111111,0.26
0.169222222222,0.26
0.169333333333,0.26
0.169444444444,0.26
0.169666666667,0.26
0.169777777778,0.26
0.169888888889,0.26
0.17,0.26
0.170111111111,0.26
0.170333333333,0.26
0.170444444444,0.26
0.170555555556,0.26
0.170777777778,0.26
0.170777777778,0.261
0.170888888889,0.261
0.171,0.261
0.171111111111,0.261
0.171222222222,0.261
0.171444444444,0.261
0.171666666667,0.261
0.171777777778,0.261
0.171888888889,0.261
0.172,0.261
0.172222222222,0.261
0.172333333333,0.261
0.172444444444,0.261
0.172666666667,0.261
0.172777777778,0.261
0.172888888889,0.261
0.173,0.261
0.173111111111,0.261
0.173222222222,0.261
0.173333333333,0.261
0.173555555556,0.261
0.173555555556,0.262
0.173666666667,0.262
0.173888888889,0.262
0.174111111111,0.262
0.174222222222,0.263
0.174333333333,0.263
0.174444444444,0.263
0.174555555556,0.263
0.174666666667,0.263
0.174777777778,0.263
0.174888888889,0.263
0.175,0.263
0.175222222222,0.263
0.175333333333,0.263
0.175333333333,0.264
0.175444444444,0.264
0.175555555556,0.264
0.175666666667,0.264
0.175777777778,0.264
0.175888888889,0.264
0.176111111111,0.264
0.176222222222,0.264
0.176333333333,0.264
0.176444444444,0.264
0.176555555556,0.264
0.177,0.264
0.177333333333,0.264
0.177444444444,0.264
0.177666666667,0.264
0.177777777778,0.264
0.177777777778,0.265
0.177888888889,0.265
0.178111111111,0.265
0.178333333333,0.265
0.178444444444,0.265
0.178555555556,0.267
0.178666666667,0.267
0.178777777778,0.267
0.178888888889,0.267
0.179,0.267
0.179111111111,0.267
0.179333333333,0.267
0.179444444444,0.267
0.179666666667,0.267
0.179777777778,0.267
0.179888888889,0.267
0.18,0.267
0.180222222222,0.268
0.180333333333,0.268
0.180444444444,0.268
0.180555555556,0.268
0.180666666667,0.269
0.180777777778,0.269
0.181,0.269
0.181111111111,0.269
0.181222222222,0.269
0.181222222222,0.27
0.181333333333,0.27
0.181444444444,0.27
0.181666666667,0.27
0.181777777778,0.27
0.181888888889,0.27
0.182,0.27
0.182,0.271
0.182111111111,0.271
0.182222222222,0.271
0.182444444444,0.271
0.182555555556,0.272
0.182666666667,0.272
0.182888888889,0.273
0.183,0.273
0.183111111111,0.273
0.183222222222,0.273
0.183333333333,0.273
0.183444444444,0.273
0.183555555556,0.273
0.183666666667,0.273
0.183777777778,0.273
0.183888888889,0.273
0.184,0.273
0.184,0.274
0.184111111111,0.274
0.184222222222,0.274
0.184444444444,0.274
0.184555555556,0.274
0.184777777778,0.274
0.185222222222,0.274
0.185333333333,0.274
0.185666666667,0.274
0.185888888889,0.274
0.186,0.274
0.186222222222,0.274
0.186333333333,0.274
0.186444444444,0.274
0.186555555556,0.274
0.186666666667,0.274
0.186777777778,0.274
0.186888888889,0.274
0.187,0.274
0.187222222222,0.274
0.187444444444,0.274
0.187555555556,0.275
0.187666666667,0.275
0.187777777778,0.275
0.187888888889,0.275
0.188,0.275
0.188111111111,0.276
0.188222222222,0.276
0.188333333333,0.276
0.188555555556,0.276
0.188666666667,0.276
0.188777777778,0.276
0.188888888889,0.276
0.189,0.276
0.189111111111,0.276
0.189222222222,0.276
0.189333333333,0.276
0.189333333333,0.277
0.189444444444,0.277
0.189666666667,0.277
0.189777777778,0.277
0.189888888889,0.277
0.19,0.277
0.190111111111,0.277
0.190333333333,0.277
0.190333333333,0.278
0.190555555556,0.278
0.190666666667,0.278
0.190888888889,0.278
0.191222222222,0.278
0.191333333333,0.278
0.191444444444,0.278
0.191555555556,0.278
0.191666666667,0.279
0.191777777778,0.279
0.191888888889,0.279
0.192,0.279
0.192222222222,0.279
0.192444444444,0.279
0.192666666667,0.279
0.192888888889,0.279
0.193,0.279
0.193111111111,0.279
0.193111111111,0.28
0.193333333333,0.28
0.193444444444,0.28
0.193555555556,0.28
0.193666666667,0.28
0.193777777778,0.28
0.193888888889,0.28
0.194444444444,0.28
0.194666666667,0.28
0.194888888889,0.28
0.195,0.28
0.195111111111,0.28
0.195222222222,0.28
0.195333333333,0.28
0.195444444444,0.28
0.195555555556,0.28
0.195666666667,0.28
0.195777777778,0.28
0.195888888889,0.28
0.196,0.28
0.196111111111,0.28
0.196222222222,0.28
0.196333333333,0.28
0.196444444444,0.28
0.197,0.28
0.197111111111,0.28
0.197222222222,0.28
0.197444444444,0.28
0.197555555556,0.28
0.197888888889,0.28
0.198111111111,0.28
0.198333333333,0.28
0.198444444444,0.28
0.198666666667,0.28
0.198777777778,0.28
0.198888888889,0.28
0.199,0.28
0.199111111111,0.28
0.199444444444,0.28
0.199555555556,0.28
0.199666666667,0.28
0.199777777778,0.28
0.199888888889,0.28
0.2,0.281
0.200111111111,0.281
0.200222222222,0.281
0.200333333333,0.281
0.200444444444,0.281
0.200555555556,0.281
0.200666666667,0.281
0.200666666667,0.282
0.200777777778,0.282
0.200888888889,0.282
0.201,0.282
0.201111111111,0.282
0.201222222222,0.282
0.201333333333,0.282
0.201444444444,0.282
0.201555555556,0.282
0.201777777778,0.282
0.201888888889,0.282
0.201888888889,0.283
0.202111111111,0.283
0.202222222222,0.283
0.202555555556,0.283
0.202666666667,0.283
0.202777777778,0.283
0.202888888889,0.283
0.203,0.283
0.203111111111,0.283
0.203222222222,0.283
0.203333333333,0.283
0.203444444444,0.283
0.203555555556,0.283
0.203666666667,0.283
0.203777777778,0.283
0.203888888889,0.283
0.204,0.283
0.204111111111,0.283
0.204222222222,0.283
0.204444444444,0.283
0.204555555556,0.283
0.204888888889,0.283
0.205111111111,0.283
0.205222222222,0.283
0.205333333333,0.283
0.205444444444,0.283
0.205666666667,0.283
0.205777777778,0.283
0.206,0.283
0.206111111111,0.283
0.206111111111,0.284
0.206222222222,0.284
0.206333333333,0.285
0.206444444444,0.285
0.206666666667,0.285
0.206888888889,0.285
0.207222222222,0.285
0.207333333333,0.285
0.207555555556,0.285
0.207666666667,0.285
0.207777777778,0.285
0.207888888889,0.285
0.207888888889,0.286
0.208,0.286
0.208111111111,0.286
0.208222222222,0.286
0.208333333333,0.286
0.208666666667,0.286
0.208777777778,0.286
0.208888888889,0.286
0.209,0.286
0.209111111111,0.286
0.209222222222,0.286
0.209333333333,0.286
0.209444444444,0.286
0.209555555556,0.286
0.209666666667,0.286
0.209777777778,0.286
0.209888888889,0.286
0.21,0.286
0.210222222222,0.286
0.210333333333,0.286
0.210444444444,0.286
0.210666666667,0.286
0.211,0.286
0.211111111111,0.286
0.211222222222,0.286
0.211333333333,0.286
0.211555555556,0.286
0.211666666667,0.286
0.211777777778,0.286
0.211888888889,0.286
0.212111111111,0.286
0.212222222222,0.286
0.212333333333,0.286
0.212444444444,0.286
0.212777777778,0.286
0.213111111111,0.286
0.213222222222,0.286
0.213333333333,0.286
0.213444444444,0.286
0.213777777778,0.286
0.213888888889,0.286
0.214111111111,0.286
0.214333333333,0.286
0.214444444444,0.286
0.214555555556,0.286
0.214666666667,0.286
0.215,0.286
0.215111111111,0.286
0.215222222222,0.286
0.215444444444,0.286
0.215555555556,0.286
0.215666666667,0.286
0.215777777778,0.286
0.215888888889,0.286
0.216111111111,0.286
0.216555555556,0.286
0.217,0.286
0.217111111111,0.286
0.217333333333,0.286
0.217444444444,0.286
0.217555555556,0.286
0.217888888889,0.286
0.218111111111,0.286
0.218222222222,0.286
0.218333333333,0.286
0.218333333333,0.287
0.218555555556,0.287
0.218666666667,0.287
0.218777777778,0.287
0.219,0.287
0.219111111111,0.287
0.219222222222,0.287
0.219333333333,0.287
0.219444444444,0.287
0.219555555556,0.287
0.219666666667,0.287
0.219777777778,0.287
0.219888888889,0.287
0.220111111111,0.287
0.220333333333,0.287
0.220555555556,0.287
0.220666666667,0.287
0.220888888889,0.287
0.221,0.287
0.221111111111,0.287
0.221333333333,0.287
0.221444444444,0.287
0.221555555556,0.287
0.221666666667,0.287
0.221777777778,0.287
0.221888888889,0.287
0.222333333333,0.287
0.222444444444,0.287
0.222666666667,0.287
0.223,0.287
0.223111111111,0.287
0.223333333333,0.287
0.223555555556,0.287
0.223666666667,0.287
0.223888888889,0.287
0.224222222222,0.287
0.224444444444,0.287
0.224555555556,0.288
0.224777777778,0.288
0.224888888889,0.29
0.225111111111,0.29
0.225222222222,0.291
0.225333333333,0.291
0.225444444444,0.291
0.225555555556,0.291
0.225777777778,0.291
0.225888888889,0.291
0.226,0.291
0.226222222222,0.291
0.226222222222,0.292
0.226333333333,0.292
0.226666666667,0.292
0.226888888889,0.292
0.227111111111,0.292
0.227444444444,0.292
0.227555555556,0.292
0.227555555556,0.293
0.227777777778,0.293
0.228,0.293
0.228222222222,0.294
0.228333333333,0.294
0.228666666667,0.294
0.228777777778,0.294
0.228888888889,0.294
0.229,0.294
0.229111111111,0.294
0.229333333333,0.294
0.229444444444,0.294
0.229555555556,0.294
0.229666666667,0.294
0.230222222222,0.294
0.230222222222,0.295
0.230444444444,0.295
0.230444444444,0.296
0.230777777778,0.296
0.231111111111,0.298
0.231444444444,0.298
0.231666666667,0.298
0.231777777778,0.298
0.231888888889,0.298
0.232,0.298
0.232333333333,0.298
0.232555555556,0.298
0.232666666667,0.298
0.232777777778,0.298
0.233,0.298
0.233222222222,0.298
0.233333333333,0.298
0.233444444444,0.298
0.233666666667,0.298
0.233777777778,0.298
0.233888888889,0.298
0.234333333333,0.298
0.234444444444,0.298
0.234666666667,0.298
0.235,0.298
0.235333333333,0.298
0.235666666667,0.298
0.235888888889,0.298
0.236,0.298
0.236111111111,0.298
0.236222222222,0.298
0.236555555556,0.299
0.236666666667,0.299
0.236777777778,0.299
0.236888888889,0.299
0.236888888889,0.3
0.237,0.3
0.237111111111,0.3
0.237333333333,0.301
0.237555555556,0.301
0.237888888889,0.301
0.238,0.301
0.238222222222,0.301
0.238666666667,0.301
0.238888888889,0.301
0.239,0.301
0.239111111111,0.301
0.239222222222,0.302
0.239444444444,0.302
0.239666666667,0.302
0.239888888889,0.302
0.24,0.302
0.240111111111,0.302
0.240444444444,0.302
0.240666666667,0.302
0.240888888889,0.303
0.241,0.303
0.241111111111,0.303
0.241444444444,0.303
0.241555555556,0.303
0.241666666667,0.303
0.241777777778,0.303
0.242,0.303
0.242111111111,0.303
0.242222222222,0.303
0.242333333333,0.303
0.242444444444,0.303
0.242777777778,0.303
0.242888888889,0.303
0.243,0.303
0.243222222222,0.303
0.243888888889,0.303
0.244111111111,0.303
0.244222222222,0.303
0.244888888889,0.303
0.245,0.303
0.245111111111,0.303
0.245222222222,0.303
0.245444444444,0.303
0.245555555556,0.303
0.245888888889,0.304
0.245888888889,0.305
0.246,0.307
0.246111111111,0.307
0.246222222222,0.307
0.246333333333,0.309
0.246444444444,0.31
0.246666666667,0.31
0.246777777778,0.31
0.247,0.31
0.247111111111,0.311
0.247222222222,0.311
0.247333333333,0.311
0.247666666667,0.311
0.247777777778,0.311
0.248111111111,0.311
0.248222222222,0.311
0.248333333333,0.311
0.248555555556,0.311
0.248666666667,0.311
0.249222222222,0.311
0.249333333333,0.311
0.249777777778,0.311
0.249888888889,0.311
0.250555555556,0.311
0.250666666667,0.311
0.250777777778,0.312
0.250888888889,0.312
0.251,0.312
0.251444444444,0.312
0.251555555556,0.312
0.252111111111,0.312
0.252333333333,0.312
0.253,0.312
0.253111111111,0.312
0.253111111111,0.313
0.253222222222,0.313
0.253333333333,0.313
0.253666666667,0.313
0.253888888889,0.313
0.254,0.313
0.254222222222,0.313
0.254222222222,0.314
0.254333333333,0.314
0.254444444444,0.315
0.254555555556,0.315
0.255222222222,0.315
0.255444444444,0.315
0.255555555556,0.315
0.255666666667,0.315
0.256,0.315
0.256222222222,0.315
0.257,0.315
0.257111111111,0.315
0.257333333333,0.315
0.257444444444,0.315
0.257666666667,0.315
0.257888888889,0.315
0.258,0.315
0.258555555556,0.316
0.258888888889,0.316
0.259,0.316
0.259111111111,0.316
0.259222222222,0.316
0.259444444444,0.316
0.259888888889,0.317
0.260333333333,0.317
0.260777777778,0.317
0.260777777778,0.318
0.260888888889,0.318
0.261,0.318
0.261222222222,0.32
0.261444444444,0.32
0.261555555556,0.32
0.262222222222,0.32
0.262333333333,0.32
0.262555555556,0.32
0.263,0.32
0.263111111111,0.32
0.263222222222,0.32
0.263333333333,0.32
0.263888888889,0.321
0.264111111111,0.321
0.264666666667,0.321
0.265,0.321
0.265222222222,0.321
0.265444444444,0.322
0.265555555556,0.322
0.265888888889,0.322
0.266,0.322
0.266111111111,0.323
0.266666666667,0.323
0.266888888889,0.323
0.267,0.323
0.267444444444,0.323
0.267555555556,0.323
0.267888888889,0.323
0.268111111111,0.323
0.268222222222,0.323
0.268333333333,0.323
0.268444444444,0.323
0.269222222222,0.323
0.269333333333,0.323
0.269444444444,0.323
0.269666666667,0.324
0.269888888889,0.325
0.270222222222,0.325
0.270555555556,0.325
0.270666666667,0.325
0.270777777778,0.325
0.270888888889,0.325
0.271,0.325
0.271333333333,0.325
0.271888888889,0.326
0.272,0.326
0.273222222222,0.326
0.273555555556,0.326
0.274555555556,0.327
0.276,0.328
0.276333333333,0.329
0.276666666667,0.329
0.277,0.329
0.277444444444,0.329
0.277888888889,0.329
0.278,0.329
0.278555555556,0.329
0.278888888889,0.329
0.279111111111,0.329
0.279333333333,0.329
0.279444444444,0.329
0.279666666667,0.33
0.279777777778,0.33
0.281111111111,0.331
0.281222222222,0.331
0.281777777778,0.331
0.282111111111,0.331
0.282555555556,0.331
0.283,0.331
0.283222222222,0.332
0.283333333333,0.332
0.285111111111,0.332
0.285333333333,0.332
0.285444444444,0.332
0.285777777778,0.332
0.285888888889,0.332
0.287222222222,0.332
0.287666666667,0.332
0.287777777778,0.332
0.288,0.332
0.288444444444,0.332
0.288666666667,0.332
0.290333333333,0.333
0.290555555556,0.333
0.290666666667,0.333
0.291777777778,0.334
0.292444444444,0.334
0.293444444444,0.334
0.293777777778,0.334
0.294888888889,0.334
0.295111111111,0.334
0.295333333333,0.334
0.296222222222,0.334
0.296666666667,0.334
0.296777777778,0.334
0.299333333333,0.334
0.300111111111,0.334
0.300888888889,0.335
0.301444444444,0.336
0.302111111111,0.336
0.302222222222,0.336
0.302555555556,0.336
0.304111111111,0.336
0.304888888889,0.337
0.305222222222,0.338
0.306666666667,0.339
0.307222222222,0.339
0.307555555556,0.339
0.309,0.34
0.31,0.34
0.310555555556,0.34
0.314111111111,0.342
0.317777777778,0.342
0.321777777778,0.352
0.326333333333,0.354
0.329777777778,0.362
0.337666666667,0.372
1.0,1.0
